1000
7800
4600
2000
5000
5800
1900
3900
7500
3000
1000
3900
1000
1000
2000
1000
1000
2000
2000
3900
1000
1000
2000
2900
1000
9500
1000
3000
2900
2000
1000
2000
3000
3900
2000
1000
2000
2000
3000
1000
1000
5000
3000
1000
3000
4900
3000
1000
2000
2000
1000
3000
2000
1000
1000
1000
1000
2000
3000
1000
5000
1000
1000
2000
2000
2000
2000
1000
1900
5800
2000
1000
4900
4900
4000
2900
4800
1900
6900
1000
3900
1000
2000
2000
1000
1000
2000
1000
3000
1000
1000
2000
3000
6900
3000
7600
2000
4000
2000
1000
4900
2000
1000
2000
1000
2000
1000
2000
5800
1000
4900
1000
1000
6600
2000
1000
3800
2000
4900
9500
5800
2900
1000
1000
2000
2000
2000
3000
1000
3900
3000
1000
1000
3000
4000
2900
1000
2000
3700
1000
1000
